175,40
175,39
175,38
175,37
175,36
175,35
175,34
175,33
175,32
175,31
175,30
175,29
175,28
175,27
175,26
175,25
175,24
175,23
175,22
175,21
175,20
175,19
175,18
175,17
175,16
175,15
175,14
175,13
175,12
175,11
175,10
175,9
175,8
175,7
175,6
175,5
175,4
175,3
175,2
175,0
163,4
163,3
160,3
150,3
81,3
78,3
27,3
25,5
23,3
14,674
14,673
14,672
14,671
14,670
14,669
14,668
14,667
14,666
14,665
14,664
14,663
14,662
14,661
14,660
14,659
14,658
14,657
14,656
14,655
14,654
14,653
14,652
14,651
14,650
14,649
14,648
14,647
14,646
14,645
14,644
14,639
14,637
14,636
14,634
14,633
14,631
14,629
14,628
14,626
14,625
14,623
14,621
14,620
14,574
14,573
14,571
14,570
14,568
14,566
14,565
14,563
14,562
14,560
14,559
14,557
14,511
14,509
14,508
14,506
14,505
14,503
14,501
14,500
14,498
14,497
14,495
14,493
14,447
14,446
14,444
14,443
14,441
14,439
14,438
14,436
14,435
14,433
14,432
14,430
14,428
14,382
14,381
14,379
14,378
14,376
14,374
14,373
14,371
14,370
14,368
14,366
14,365
14,319
14,317
14,316
14,314
14,313
14,311
14,309
14,308
14,306
14,305
14,303
14,301
14,300
14,254
14,253
14,251
14,250
14,248
14,246
14,245
14,243
14,242
14,240
14,239
14,237
14,191
14,189
14,188
14,186
14,185
14,183
14,181
14,180
14,178
14,177
14,175
14,173
14,172
14,170
14,169
14,167
14,166
14,164
14,162
14,161
14,159
14,158
14,156
14,154
14,153
14,151
14,150
14,148
14,146
14,145
14,143
14,142
14,140
14,139
14,137
14,135
14,134
14,132
14,131
14,129
14,127
14,122
14,117
14,112
14,106
14,101
14,96
14,92
14,87
14,82
14,77
14,71
14,66
14,33
14,29
14,24
14,19
14,13
14,3
7,3
5,5
5,4
5,3
4,3
3,2
2,2
1,2
0,9
0,2
175,41
190,3
196,2
196,3
196,5
196,6
196,8
196,10
196,11
196,13
196,14
196,16
196,18
196,19
196,29
196,30
196,36
196,69
196,71
196,78
196,79
196,82
196,84
196,86
196,128
196,129
196,131
196,132
196,134
196,135
196,137
196,139
196,140
196,142
196,143
196,145
196,147
196,148
196,150
196,151
196,153
196,154
196,156
196,158
196,159
196,161
196,162
196,164
196,166
196,167
196,169
196,170
196,172
196,174
196,175
196,177
196,178
196,180
196,181
196,183
196,185
196,186
196,188
196,192
196,194
196,196
196,197
196,199
196,200
196,202
196,203
196,205
196,207
196,208
196,210
196,211
196,213
196,215
196,216
196,218
196,219
196,221
196,222
196,224
196,226
196,227
196,229
196,230
196,232
196,234
196,235
196,237
196,238
196,240
196,242
196,243
196,245
196,246
196,248
196,249
196,251
196,253
196,254
196,256
196,257
196,259
196,261
196,262
196,264
196,265
196,267
196,268
196,270
196,272
196,273
196,275
196,276
196,278
196,280
196,281
196,283
196,284
196,286
196,287
196,289
196,291
196,292
196,294
196,295
196,297
196,299
196,300
196,302
196,303
196,305
196,306
196,308
196,310
196,311
196,313
196,314
196,316
196,318
196,319
196,321
196,322
196,324
196,326
196,327
196,329
196,330
196,332
196,333
196,335
196,337
196,338
196,340
196,341
196,343
196,345
196,346
196,348
196,349
196,351
196,352
196,354
196,356
196,357
196,359
196,360
196,362
196,364
196,365
196,367
196,368
196,370
196,371
196,373
196,375
196,376
196,378
196,379
196,381
196,383
199,3
199,6
199,7
199,9
201,4
242,3
245,3
256,3
258,6
264,3
265,2
265,4
265,5
265,7
266,3
275,0
275,2
275,3
275,5
275,6
275,8
275,9
275,11
275,13
275,14
275,16
275,17
275,19
275,21
275,22
275,24
275,25
275,27
275,28
275,30
275,32
275,33
275,35
275,36
275,38
275,40
275,41
275,43
275,44
275,46
275,47
275,49
275,51
275,52
275,54
275,55
275,57
275,59
275,60
275,62
275,63
275,65
275,67
275,68
275,70
275,71
275,73
275,74
275,76
275,78
275,79
275,81
275,82
275,84
275,86
275,87
275,89
275,90
275,92
275,93
275,95
275,97
275,98
275,100
275,101
275,103
275,105
275,106
275,108
275,109
275,111
275,112
275,114
275,116
275,117
275,119
275,120
275,122
275,124
275,125
275,127
275,128
275,130
275,132
275,133
275,135
275,136
275,138
275,139
275,141
275,143
275,144
275,146
275,147
275,149
275,151
275,152
275,154
275,155
275,157
275,158
275,160
275,162
275,163
275,165
275,166
275,168
275,170
275,171
275,173
275,174
275,176
275,177
275,179
275,181
275,182
275,184
275,185
275,187
275,189
275,190
275,192
275,193
275,195
275,256
275,257
275,259
275,260
275,262
275,263
275,265
275,267
275,268
275,270
275,271
275,273
275,275
275,276
275,278
275,279
275,281
275,282
275,284
275,286
275,287
275,289
275,290
275,292
275,294
275,295
275,297
275,298
275,300
275,301
275,303
275,305
275,306
275,308
275,309
275,311
275,313
275,314
275,316
275,317
275,319
275,320
275,322
275,324
275,325
275,327
275,328
275,330
275,332
275,333
275,335
275,336
275,338
275,340
275,341
275,343
275,344
275,346
275,347
275,349
275,351
275,352
275,354
275,355
275,357
275,359
275,360
275,362
275,363
275,365
275,366
275,368
275,370
275,371
275,373
275,374
275,376
275,378
275,379
275,381
275,382
275,384
275,385
275,387
275,389
275,390
275,392
275,393
275,395
275,397
275,398
275,400
275,401
275,403
275,405
275,406
275,408
275,409
275,411
275,412
275,414
275,416
275,417
275,419
275,420
275,422
275,424
275,425
275,427
275,428
275,430
275,431
275,433
275,435
275,436
275,438
275,439
275,441
275,443
275,444
275,446
275,447
275,449
275,450
275,452
275,454
275,455
275,457
275,458
275,460
275,462
275,463
275,465
275,466
275,468
275,469
275,471
275,473
275,474
275,476
275,477
275,479
275,481
275,482
275,484
275,485
275,487
275,489
275,490
275,492
275,493
275,495
275,496
275,498
275,500
275,501
275,503
275,504
275,506
275,508
275,509
275,511
275,512
275,514
275,515
275,517
275,519
275,520
275,522
275,523
275,525
275,527
275,528
275,530
275,531
275,533
275,534
275,536
275,538
275,539
275,541
275,542
275,544
275,546
275,547
275,549
275,550
275,552
275,554
275,555
275,557
275,558
275,560
275,561
275,563
275,565
275,566
275,568
275,569
275,571
275,573
275,574
275,576
275,577
275,579
275,580
275,582
275,584
275,585
275,587
275,588
275,590
275,592
275,593
275,595
275,596
275,598
275,599
275,601
275,603
275,604
275,606
275,607
275,609
275,611
275,612
275,614
275,615
275,617
275,618
275,620
275,622
275,623
275,625
275,640
275,642
275,644
275,645
275,647
275,648
275,650
275,652
275,653
275,655
275,656
275,658
275,659
275,661
275,663
275,664
275,666
275,667
275,669
275,671
275,672
275,674
275,675
275,677
275,678
275,680
275,682
275,683
275,685
275,686
275,688
275,690
275,691
275,693
275,694
275,696
275,697
275,699
275,701
275,702
275,704
275,705
275,707
275,709
275,710
275,712
275,713
275,715
275,717
275,718
275,720
275,721
275,723
275,724
275,726
275,728
275,729
275,731
275,732
275,734
275,736
275,737
275,739
275,740
275,742
275,743
275,745
275,747
275,748
275,750
275,751
275,753
275,755
275,756
275,758
275,759
275,761
275,762
275,764
275,766
275,767
275,769
275,770
275,772
275,774
275,775
275,777
275,778
275,780
275,782
275,783
275,785
275,786
275,788
275,789
275,791
275,793
275,794
275,796
275,797
275,799
275,801
275,802
275,804
275,805
275,807
275,808
275,810
275,812
275,813
275,815
275,816
275,818
275,820
275,821
275,823
275,824
275,826
275,827
275,829
275,831
275,832
275,834
275,835
275,837
275,839
275,840
275,842
275,843
275,845
275,846
275,848
275,850
275,851
275,853
275,854
275,856
275,858
275,859
275,861
275,862
275,864
275,866
275,867
275,869
275,870
275,872
275,873
278,1
278,3
278,4
278,2
278,0
275,871
275,868
275,865
275,863
275,860
275,857
275,855
275,852
275,849
275,847
275,844
275,841
275,838
275,836
275,833
275,830
275,828
275,825
275,822
275,819
275,817
275,814
275,811
275,809
275,806
275,803
275,800
275,798
275,795
275,792
275,790
275,787
275,784
275,781
275,779
275,776
275,773
275,771
275,768
275,765
275,763
275,760
275,757
275,754
275,752
275,749
275,746
275,744
275,741
275,738
275,735
275,733
275,730
275,727
275,725
275,722
275,719
275,716
275,714
275,711
275,708
275,706
275,703
275,700
275,698
275,695
275,692
275,689
275,687
275,684
275,681
275,679
275,676
275,673
275,670
275,668
275,665
275,662
275,660
275,657
275,654
275,651
275,649
275,646
275,643
275,641
275,624
275,621
275,619
275,616
275,613
275,610
275,608
275,605
275,602
275,600
275,597
275,594
275,591
275,589
275,586
275,583
275,581
275,578
275,575
275,572
275,570
275,567
275,564
275,562
275,559
275,556
275,553
275,551
275,548
275,545
275,543
275,540
275,537
275,535
275,532
275,529
275,526
275,524
275,521
275,518
275,516
275,513
275,510
275,507
275,505
275,502
275,499
275,497
275,494
275,491
275,488
275,486
275,483
275,480
275,478
275,475
275,472
275,470
275,467
275,464
275,461
275,459
275,456
275,453
275,451
275,448
275,445
275,442
275,440
275,437
275,434
275,432
275,429
275,426
275,423
275,421
275,418
275,415
275,413
275,410
275,407
275,404
275,402
275,399
275,396
275,394
275,391
275,388
275,386
275,383
275,380
275,377
275,375
275,372
275,369
275,367
275,364
275,361
275,358
275,356
275,353
275,350
275,348
275,345
275,342
275,339
275,337
275,334
275,331
275,329
275,326
275,323
275,321
275,318
275,315
275,312
275,310
275,307
275,304
275,302
275,299
275,296
275,293
275,291
275,288
275,285
275,283
275,280
275,277
275,274
275,272
275,269
275,266
275,264
275,261
275,258
275,250
275,194
275,191
275,188
275,186
275,183
275,180
275,178
275,175
275,172
275,169
275,167
275,164
275,161
275,159
275,156
275,153
275,150
275,148
275,145
275,142
275,140
275,137
275,134
275,131
275,129
275,126
275,123
275,121
275,118
275,115
275,113
275,110
275,107
275,104
275,102
275,99
275,96
275,94
275,91
275,88
275,85
275,83
275,80
275,77
275,75
275,72
275,69
275,66
275,64
275,61
275,58
275,56
275,53
275,50
275,48
275,45
275,42
275,39
275,37
275,34
275,31
275,29
275,26
275,23
275,20
275,18
275,15
275,12
275,10
275,7
275,4
275,1
266,4
265,6
265,3
264,4
258,3
242,5
201,3
199,8
199,4
196,382
196,380
196,377
196,374
196,372
196,369
196,366
196,363
196,361
196,358
196,355
196,353
196,350
196,347
196,344
196,342
196,339
196,336
196,334
196,331
196,328
196,325
196,323
196,320
196,317
196,315
196,312
196,309
196,307
196,304
196,301
196,298
196,296
196,293
196,290
196,288
196,285
196,282
196,279
196,277
196,274
196,271
196,269
196,266
196,263
196,260
196,258
196,255
196,252
196,250
196,247
196,244
196,241
196,239
196,236
196,233
196,231
196,228
196,225
196,223
196,220
196,217
196,214
196,212
196,209
196,206
196,204
196,201
196,198
196,195
196,193
196,187
196,184
196,182
196,179
196,176
196,173
196,171
196,168
196,165
196,163
196,160
196,157
196,155
196,152
196,149
196,146
196,144
196,141
196,138
196,136
196,133
196,130
196,87
196,85
196,81
196,77
196,70
196,34
196,28
196,17
196,15
196,12
196,9
196,7
196,4
196,0
1,45
3,44
2,44
1,44
3,43
2,43
1,43
3,42
2,42
1,42
3,41
2,41
1,41
3,40
2,40
1,40
3,39
2,39
1,39
3,38
2,38
1,38
3,37
2,37
1,37
3,36
2,36
1,36
3,35
2,35
1,35
3,34
2,34
1,34
3,33
2,33
1,33
3,32
2,32
1,32
3,31
2,31
1,31
3,30
2,30
1,30
3,29
2,29
1,29
3,28
2,28
1,28
3,27
2,27
1,27
3,26
2,26
1,26
3,25
2,25
1,25
3,24
2,24
1,24
3,23
2,23
1,23
3,22
2,22
1,22
3,21
2,21
1,21
3,20
2,20
1,20
3,19
2,19
1,19
3,18
2,18
1,18
3,17
2,17
1,17
3,16
2,16
1,16
3,15
2,15
1,15
3,14
2,14
1,14
3,13
2,13
1,13
3,12
2,12
1,12
3,11
2,11
1,11
3,10
2,10
1,10
3,9
2,9
1,9
3,8
2,8
1,8
3,7
2,7
1,7
3,6
2,6
1,6
3,5
2,5
1,5
3,4
2,4
1,4
3,3
3,0
2,3
2,0
1,3
1,0
0,6
0,0
0,47
0,46
0,49
0,48
0,45
0,12
0,10
0,8
0,11
0,5
0,7
0,4
0,3
